Bucket 6 (6):
3,2,1,2,3,11,1,11,4,11,6 [Linha: 25]
Suporte: 0.04

Bucket 5 (5):
2,12,2,1,2,13,2,4,2,3,5 [Linha: 24]
Suporte: 0.04

Bucket 2 (2):
2,5,3,5,4,12,2,2,3,12,2 [Linha: 23]
Suporte: 0.04

Bucket 4 (4):
1,11,3,12,3,10,4,9,2,13,4 [Linha: 22]
Suporte: 0.04

Bucket 8 (8):
4,9,4,13,4,12,4,11,4,10,9 [Linha: 5]
Suporte: 0.04

Bucket 9 (9):
4,1,4,13,4,12,4,11,4,10,9 [Linha: 4]
Suporte: 0.04

Bucket 3 (3):
3,13,2,7,4,11,3,11,2,11,3 [Linha: 3]
Suporte: 0.04

Bucket 1 (1):
3,12,3,2,3,11,4,5,2,5,1 [Linha: 2]
1,13,2,6,1,6,2,11,3,5,1 [Linha: 15]
4,2,4,12,2,12,2,7,3,10,1 [Linha: 18]
4,5,2,2,4,9,1,5,4,1,1 [Linha: 19]
Suporte: 0.16

Bucket 0 (0):
1,1,1,13,2,4,2,3,1,12,0 [Linha: 1]
3,10,2,7,1,2,2,11,4,9,0 [Linha: 6]
1,3,4,5,3,4,1,12,4,6,0 [Linha: 7]
2,6,4,11,2,3,4,9,1,7,0 [Linha: 8]
3,2,4,9,3,7,4,3,4,5,0 [Linha: 9]
4,4,3,13,1,8,3,9,3,10,0 [Linha: 10]
1,9,3,8,4,4,1,7,3,5,0 [Linha: 11]
4,7,3,12,1,13,1,9,2,6,0 [Linha: 12]
2,12,1,3,2,11,2,7,4,8,0 [Linha: 13]
4,2,2,9,2,7,1,5,3,11,0 [Linha: 14]
3,8,2,7,1,9,3,6,2,3,0 [Linha: 16]
2,10,1,11,1,9,3,1,1,13,0 [Linha: 17]
2,3,3,9,2,1,2,6,4,10,0 [Linha: 20]
1,7,2,11,4,1,2,9,3,13,0 [Linha: 21]
Suporte: 0.56

