Bucket 5 (Suporte: 0.18):
Linha 1: 2 8 1 1 2 9 4 9 4 5 
Linha 5: 1 8 1 6 1 10 4 5 1 7 
Linha 11: 3 7 2 7 1 10 3 11 3 2 
Linha 12: 1 6 2 9 4 4 1 9 2 13 
Linha 15: 1 9 1 1 4 3 4 11 1 4 
Linha 22: 1 4 1 1 3 1 1 6 3 11 
Linha 23: 4 11 1 13 3 3 1 8 4 13 
Linha 24: 1 7 2 13 2 6 1 3 2 8 
Linha 27: 1 9 2 9 3 13 3 6 3 7 
Linha 28: 4 9 2 3 1 10 1 7 3 5 
Linha 31: 2 13 3 8 2 10 4 4 4 3 
Linha 32: 3 7 2 1 1 1 1 5 3 13 
Linha 33: 4 8 2 4 4 5 4 9 1 9 
Linha 34: 2 11 1 5 4 3 1 8 2 10 
Linha 35: 4 4 2 10 4 5 1 3 2 4 
Linha 36: 3 13 3 9 2 5 3 7 2 2 
Linha 37: 1 11 3 2 4 11 1 10 1 6 
Linha 40: 3 8 1 10 2 3 1 11 4 13 
Linha 41: 4 3 4 10 4 11 4 5 4 2 
Linha 43: 4 11 3 8 1 11 1 13 4 13 
Linha 44: 3 6 1 6 1 4 3 7 1 10 
Linha 46: 1 3 3 6 4 10 4 2 3 12 
Linha 47: 2 1 4 5 1 13 3 2 3 12 
Linha 48: 2 9 4 6 3 12 2 11 4 10 
Linha 51: 3 4 1 6 2 1 3 6 3 9 
Linha 53: 3 3 4 7 2 4 1 7 2 9 
Linha 54: 1 2 3 8 3 9 3 3 4 1 
Linha 55: 3 8 2 1 1 5 4 6 2 12 
Linha 58: 4 13 1 6 2 10 2 5 4 10 
Linha 61: 2 10 1 2 4 3 2 4 3 1 
Linha 62: 1 3 4 1 4 4 4 12 3 6 
Linha 65: 1 9 4 2 4 1 1 1 4 10 
Linha 67: 3 12 1 11 4 3 2 2 3 5 
Linha 69: 1 8 3 10 4 11 4 9 3 11 
Linha 70: 3 9 2 7 4 4 3 1 2 12 
Linha 71: 4 4 2 9 4 8 3 9 1 8 
Linha 72: 4 11 2 10 1 6 4 5 2 13 
Linha 73: 4 10 1 8 1 10 4 9 1 11 
Linha 74: 1 1 3 13 3 4 1 5 1 3 
Linha 77: 4 10 3 3 4 13 2 6 4 8 
Linha 78: 3 8 4 3 1 2 4 8 1 13 
Linha 81: 1 12 1 2 2 7 2 11 4 6 
Linha 82: 4 4 3 11 2 3 3 8 3 1 
Linha 83: 1 1 2 5 2 10 3 1 4 6 
Linha 85: 4 9 2 11 2 5 4 3 2 9 
Linha 86: 4 11 3 1 3 3 4 8 2 5 
Linha 89: 2 6 1 12 3 10 3 1 4 3 
Linha 91: 1 7 2 2 2 5 4 7 2 9 
Linha 93: 3 8 1 12 3 7 3 9 2 10 
Linha 94: 3 11 4 1 1 10 1 6 2 3 
Linha 95: 2 11 4 1 1 8 1 11 3 3 
Linha 98: 3 4 3 8 1 2 3 10 4 12 
Linha 99: 2 9 1 3 3 9 3 7 1 1 
Linha 100: 2 12 1 2 4 5 2 3 4 1 

Bucket 3 (Suporte: 0.0833333):
Linha 2: 1 1 3 4 4 1 4 8 2 4 
Linha 6: 3 4 1 7 1 11 3 8 3 3 
Linha 8: 1 6 3 11 3 1 4 13 1 1 
Linha 9: 1 12 4 13 4 1 1 4 4 9 
Linha 14: 1 1 2 4 1 6 3 6 2 9 
Linha 16: 1 2 3 2 4 6 3 12 1 11 
Linha 18: 2 4 3 12 2 11 2 7 4 2 
Linha 19: 4 11 3 4 2 7 3 3 4 2 
Linha 20: 4 1 3 12 4 6 2 6 2 12 
Linha 25: 3 6 4 1 4 5 4 13 1 2 
Linha 29: 2 13 2 4 2 6 1 10 3 12 
Linha 30: 3 4 2 12 4 13 2 8 2 11 
Linha 38: 1 1 2 12 2 8 3 5 1 12 
Linha 45: 3 1 4 5 2 12 3 13 3 4 
Linha 49: 4 1 1 10 1 6 2 10 3 3 
Linha 52: 2 1 1 9 3 6 3 7 1 4 
Linha 56: 1 2 3 5 4 5 3 1 3 4 
Linha 68: 3 12 4 2 4 5 1 4 4 3 
Linha 75: 1 1 2 3 3 5 3 13 4 7 
Linha 76: 4 4 2 10 4 6 2 7 4 11 
Linha 84: 2 2 1 2 1 3 1 10 2 7 
Linha 87: 3 1 2 10 4 6 3 7 1 3 
Linha 92: 4 12 1 8 2 2 2 12 2 8 
Linha 96: 3 6 2 11 1 11 3 10 4 6 
Linha 97: 4 4 3 2 1 6 3 9 2 5 

Bucket 2 (Suporte: 0.0633333):
Linha 3: 1 2 1 3 2 7 3 4 2 11 
Linha 4: 3 5 3 3 1 8 2 11 4 4 
Linha 7: 4 10 3 11 1 2 1 11 2 9 
Linha 13: 4 5 1 13 1 8 2 7 3 11 
Linha 17: 2 10 3 12 4 12 4 2 2 6 
Linha 21: 1 1 1 8 2 8 2 7 2 5 
Linha 26: 3 5 1 11 2 2 2 7 3 3 
Linha 39: 4 7 4 12 1 12 2 5 1 9 
Linha 42: 3 2 2 11 1 8 3 7 2 8 
Linha 50: 3 4 1 13 4 8 2 1 1 1 
Linha 57: 1 10 2 8 1 12 4 13 3 7 
Linha 59: 4 13 3 13 1 2 4 1 2 10 
Linha 60: 1 13 2 8 4 2 3 11 3 4 
Linha 64: 3 2 2 11 4 11 3 11 3 13 
Linha 66: 3 13 4 3 1 11 4 4 1 1 
Linha 79: 1 2 1 11 2 5 2 2 3 6 
Linha 80: 2 9 4 12 1 12 3 9 2 7 
Linha 88: 2 5 3 1 4 7 1 4 1 8 
Linha 90: 4 4 3 10 4 2 4 11 2 11 

Bucket 1 (Suporte: 0.00666667):
Linha 10: 1 13 3 5 1 3 4 10 3 3 
Linha 63: 2 13 1 12 4 3 4 4 1 2 

Bucket 0 (Suporte: 0):

